2.3
3246.76
65.0
8.64
30.92
0.718
2.334
3246.76
65.0
8.64
30.92
0.729
2.368
3256.31
65.0
8.66
31.01
0.739
2.402
3275.41
64.0
8.71
31.19
0.718
2.436
3275.41
64.0
8.71
31.19
0.728
2.47
3284.96
64.0
8.74
31.29
0.737
2.504
3304.06
63.0
8.79
31.47
0.717
2.538
3304.06
63.0
8.79
31.47
0.726
2.572
3304.06
63.0
8.79
31.47
0.737
2.606
3332.7
62.0
8.86
31.74
0.716
2.64
3332.7
62.0
8.86
31.74
0.725
2.674
3332.7
62.0
8.86
31.74
0.735
2.708
3351.8
61.5
8.915
31.92
0.728
2.742
3370.9
61.0
8.97
32.1
0.721
2.776
3370.9
61.0
8.97
32.1
0.731
2.81
3380.45
61.0
8.99
32.19
0.739
2.844
3409.1
60.0
9.07
32.47
0.718
2.878
3409.1
60.0
9.07
32.47
0.727
2.912
3409.1
60.0
9.07
32.47
0.737
2.946
3437.75
59.0
9.14
32.74
0.716
2.98
3437.75
59.0
9.14
32.74
0.726
3.014
3437.75
59.0
9.14
32.74
0.735
3.048
3461.62
58.5
9.22
32.97
0.7275
3.082
3485.49
58.0
9.27
33.2
0.72
3.116
3485.49
58.0
9.27
33.2
0.729
3.15
3495.04
58.0
9.3
33.29
0.736
3.184
3523.69
57.0
9.37
33.56
0.717
3.218
3523.69
57.0
9.37
33.56
0.725
3.252
3523.69
57.0
9.37
33.56
0.734
3.286
3542.79
56.5
9.42
33.74
0.729
3.32
3561.89
56.0
9.47
33.92
0.724
3.354
3571.44
56.0
9.5
34.01
0.728
3.388
3571.44
56.0
9.5
34.01
0.736
3.422
3609.63
55.0
9.6
34.38
0.716
3.456
3609.63
55.0
9.6
34.38
0.724
3.49
3609.63
55.0
9.6
34.38
0.732
3.524
3628.73
55.0
9.65
34.56
0.736
3.558
3657.38
54.0
9.73
34.83
0.719
3.592
3657.38
54.0
9.73
34.83
0.726
3.626
3657.38
54.0
9.73
34.83
0.734
3.66
3676.48
54.0
9.78
35.01
0.738
3.694
3714.68
53.0
9.88
35.38
0.719
3.728
3714.68
53.0
9.88
35.38
0.727
3.762
3714.68
53.0
9.88
35.38
0.734
3.796
3762.42
52.0
10.01
35.83
0.715
3.83
3762.42
52.0
10.01
35.83
0.721
3.864
3762.42
52.0
10.01
35.83
0.728
3.898
3771.97
52.0
10.03
35.92
0.734
3.932
3819.72
51.0
10.16
36.38
0.715
3.966
3819.72
51.0
10.16
36.38
0.721
4
3830
50.0
10.16
36.38
0.721